WBC 0.9507467746734619 374 166 613 387 
Platelets 0.86423259973526 128 258 185 305 
Platelets 0.7532962560653687 244 273 292 316 
RBC 0.746168851852417 482 57 608 173 
Platelets 0.7441043257713318 59 124 108 165 
RBC 0.7191511392593384 244 66 354 163 
RBC 0.7027209401130676 245 5 368 81 
RBC 0.7026734948158264 107 11 227 109 
RBC 0.6930406093597412 227 362 337 452 
RBC 0.6897990703582764 352 378 453 475 
RBC 0.6776095032691956 5 219 108 319 
RBC 0.655893862247467 2 332 92 444 
RBC 0.6530524492263794 297 155 406 251 
RBC 0.6524592041969299 345 99 460 195 
RBC 0.6445865035057068 447 368 571 460 
RBC 0.610027551651001 585 279 640 365 
RBC 0.5922127962112427 301 265 407 380 
RBC 0.5825340747833252 0 162 84 266 
Platelets 0.5739141702651978 1 287 35 326 
RBC 0.5615972280502319 582 370 640 467 
RBC 0.5532594323158264 2 60 75 162 
RBC 0.5362135767936707 490 434 597 477 
RBC 0.5283709764480591 568 16 635 113 
RBC 0.5253483057022095 119 329 233 433 
RBC 0.5212196707725525 27 0 162 79 
RBC 0.5186638832092285 268 368 369 461 
RBC 0.5147085785865784 314 144 403 202 
RBC 0.5094847679138184 396 372 488 467 
RBC 0.5079033374786377 307 377 416 466 
RBC 0.5072046518325806 483 380 565 442 
RBC 0.5025693774223328 0 112 66 219 
RBC 0.5006266236305237 0 361 62 467 
RBC 0.5001746416091919 5 265 113 339 
