WBC 0.9637734293937683 176 241 431 464 
RBC 0.8678736686706543 149 157 281 256 
RBC 0.8274063467979431 1 78 118 191 
RBC 0.8102879524230957 60 1 174 89 
RBC 0.7544236779212952 545 254 639 364 
RBC 0.7503119707107544 537 64 640 168 
RBC 0.7343069911003113 57 265 176 381 
RBC 0.7251391410827637 429 18 539 147 
Platelets 0.7207032442092896 67 179 117 220 
RBC 0.7154073715209961 499 357 630 449 
RBC 0.6804553270339966 517 152 620 251 
RBC 0.6517814993858337 444 209 548 313 
RBC 0.6344713568687439 280 55 383 167 
Platelets 0.6308643817901611 165 353 210 392 
RBC 0.5569902658462524 7 411 124 476 
RBC 0.5389481782913208 295 54 381 114 
RBC 0.5346919298171997 524 100 639 210 
RBC 0.5251840353012085 362 5 447 54 
RBC 0.5244503617286682 343 6 445 97 
RBC 0.5211842656135559 0 0 52 87 
RBC 0.5100271701812744 106 222 195 286 
RBC 0.5051266551017761 0 192 57 270 
RBC 0.5010014176368713 306 22 403 133 
