WBC 0.8826553225517273 160 149 386 377 
RBC 0.8660581707954407 326 1 441 92 
RBC 0.8411402702331543 327 94 451 189 
RBC 0.8379998207092285 471 239 597 348 
RBC 0.8242215514183044 282 359 400 472 
RBC 0.8105413913726807 1 302 113 420 
RBC 0.7988020181655884 446 145 570 246 
RBC 0.7742474675178528 531 22 635 145 
RBC 0.7682526111602783 437 393 544 479 
RBC 0.748652994632721 2 102 106 215 
RBC 0.7290461659431458 163 401 267 480 
Platelets 0.7197763919830322 426 326 480 369 
RBC 0.7196072936058044 189 77 298 170 
RBC 0.7184372544288635 441 30 543 140 
RBC 0.7124304175376892 343 191 447 295 
RBC 0.6218999028205872 119 303 231 404 
RBC 0.5307238101959229 50 419 151 470 
RBC 0.5150437355041504 0 194 68 295 
RBC 0.5146679282188416 245 370 334 465 
RBC 0.5128015279769897 334 133 446 230 
RBC 0.5127211809158325 273 92 370 184 
RBC 0.5060779452323914 477 13 576 124 
RBC 0.5055554509162903 461 187 578 286 
RBC 0.5044714212417603 394 14 494 117 
RBC 0.502450704574585 464 110 578 183 
RBC 0.5011381506919861 325 33 440 133 
