WBC 0.9488614797592163 165 280 396 480 
RBC 0.9175111651420593 460 53 587 161 
RBC 0.7642772793769836 61 369 173 470 
RBC 0.7501534223556519 352 0 461 80 
RBC 0.7417160272598267 24 215 128 316 
RBC 0.7090858817100525 417 181 524 295 
RBC 0.7043306827545166 33 0 147 79 
RBC 0.7037745714187622 246 65 365 166 
RBC 0.6414955854415894 265 174 370 269 
RBC 0.6223398447036743 493 306 602 421 
RBC 0.6150185465812683 377 296 481 394 
RBC 0.6142364740371704 4 114 85 214 
RBC 0.6081861257553101 331 235 438 336 
RBC 0.59796142578125 165 136 284 227 
RBC 0.5697404146194458 35 113 133 219 
RBC 0.5547494888305664 127 225 243 326 
RBC 0.5454268455505371 572 400 640 461 
RBC 0.5428631901741028 583 198 640 291 
RBC 0.5419237017631531 1 407 60 480 
RBC 0.5417914986610413 497 271 606 377 
RBC 0.5403262972831726 570 0 640 70 
RBC 0.5337159633636475 461 167 575 275 
RBC 0.5326939225196838 0 79 60 155 
RBC 0.5293290615081787 467 0 573 43 
RBC 0.5257418155670166 1 353 60 463 
RBC 0.5179324150085449 153 0 265 69 
RBC 0.5116816759109497 25 371 100 470 
RBC 0.506831705570221 68 0 201 68 
RBC 0.503527820110321 394 235 498 334 
RBC 0.5027729272842407 20 185 117 264 
RBC 0.500200629234314 447 285 534 400 
