WBC 0.9483082890510559 65 286 314 480 
RBC 0.8747972249984741 450 239 570 343 
RBC 0.8629308938980103 465 13 587 119 
RBC 0.8075084686279297 355 387 472 479 
RBC 0.7922787070274353 241 72 354 166 
RBC 0.7611992359161377 8 283 109 392 
RBC 0.7408650517463684 338 264 448 381 
RBC 0.7321609854698181 330 146 442 252 
RBC 0.730236291885376 88 53 205 160 
RBC 0.6987884640693665 172 135 276 228 
RBC 0.6972611546516418 407 127 513 233 
RBC 0.6382784247398376 155 5 270 77 
RBC 0.6111398339271545 232 215 344 303 
RBC 0.5322814583778381 23 284 102 344 
Platelets 0.5283237099647522 503 115 556 154 
RBC 0.5203391909599304 75 159 185 267 
RBC 0.5113746523857117 168 67 264 164 
