WBC 0.9484332203865051 172 40 408 263 
RBC 0.9064513444900513 170 344 291 450 
RBC 0.8725785613059998 76 108 186 221 
RBC 0.8629046082496643 454 374 568 480 
RBC 0.8051952123641968 282 313 408 406 
RBC 0.8001053929328918 440 260 568 365 
RBC 0.7993383407592773 2 257 101 370 
RBC 0.7937765717506409 23 372 145 474 
RBC 0.7870440483093262 403 76 541 175 
RBC 0.7423076629638672 332 216 437 319 
RBC 0.7271676063537598 351 6 451 101 
RBC 0.7067388296127319 205 245 314 334 
RBC 0.6655071377754211 154 8 268 105 
RBC 0.6357536315917969 509 144 620 247 
RBC 0.6062973141670227 465 0 581 72 
RBC 0.5828912854194641 568 330 639 449 
RBC 0.532402753829956 80 420 175 476 
RBC 0.528476357460022 542 363 626 464 
RBC 0.5242435336112976 0 55 48 152 
RBC 0.5058833360671997 402 2 495 87 
RBC 0.5038567781448364 273 242 366 339 
RBC 0.5010377168655396 459 328 575 402 
