WBC 0.9426171183586121 168 285 407 478 
WBC 0.931048572063446 4 139 219 352 
RBC 0.8508442640304565 501 336 606 442 
RBC 0.8382857441902161 523 126 633 227 
RBC 0.8249745965003967 243 94 356 204 
RBC 0.7883167862892151 435 4 541 99 
RBC 0.740444540977478 437 199 547 302 
RBC 0.7334786653518677 555 230 637 338 
RBC 0.6880672574043274 399 299 503 407 
RBC 0.666770339012146 103 22 212 117 
RBC 0.5501458048820496 430 310 540 419 
RBC 0.5458611845970154 1 22 111 127 
RBC 0.5335537195205688 1 322 104 416 
RBC 0.5106595158576965 0 104 79 205 
RBC 0.5079682469367981 508 215 604 323 
RBC 0.5075342059135437 395 104 512 206 
RBC 0.5029655694961548 0 91 67 158 
RBC 0.5013355612754822 121 2 230 74 
RBC 0.5004803538322449 574 183 640 307 
