WBC 0.9576088190078735 163 83 399 293 
RBC 0.8170986771583557 523 370 634 476 
RBC 0.8145661354064941 527 206 639 302 
RBC 0.7881529331207275 10 280 110 375 
RBC 0.7684594392776489 5 83 112 180 
RBC 0.7324996590614319 38 373 136 465 
RBC 0.6949504017829895 395 231 513 353 
RBC 0.6842785477638245 526 2 636 110 
RBC 0.6220417618751526 74 7 182 102 
RBC 0.6061617136001587 378 44 492 150 
RBC 0.5998818278312683 172 4 273 103 
RBC 0.5748947262763977 232 424 335 477 
RBC 0.5509339570999146 91 199 203 301 
RBC 0.5436013340950012 162 278 281 375 
RBC 0.5227991938591003 100 7 234 121 
RBC 0.5128608345985413 417 53 546 163 
RBC 0.5123412609100342 258 316 376 411 
RBC 0.5084354281425476 133 232 209 297 
