WBC 0.9565876722335815 450 286 639 480 
RBC 0.899773895740509 329 55 456 161 
RBC 0.8587876558303833 10 26 115 130 
Platelets 0.8531333208084106 421 231 477 285 
RBC 0.8320009708404541 28 166 139 258 
RBC 0.8083177208900452 174 0 293 100 
Platelets 0.7384702563285828 120 23 167 64 
RBC 0.7294426560401917 403 1 534 79 
RBC 0.7197701334953308 21 352 138 452 
RBC 0.7170246839523315 250 346 355 447 
RBC 0.6982534527778625 356 291 466 384 
RBC 0.6937647461891174 115 318 219 420 
RBC 0.6534528136253357 519 222 635 306 
Platelets 0.6230661273002625 68 112 115 149 
RBC 0.6076636910438538 483 94 617 202 
RBC 0.5903504490852356 151 235 273 345 
RBC 0.5885583758354187 566 12 639 118 
RBC 0.5786375999450684 163 111 279 212 
Platelets 0.561122715473175 1 243 37 283 
RBC 0.5595387816429138 265 269 383 374 
RBC 0.550919234752655 588 162 640 246 
RBC 0.5251603126525879 397 136 509 233 
RBC 0.5220057964324951 434 116 553 216 
WBC 0.5086783170700073 397 184 640 410 
RBC 0.5081616044044495 300 287 409 387 
RBC 0.5057908296585083 187 134 298 243 
RBC 0.5053717494010925 345 24 498 130 
RBC 0.5030352473258972 99 344 192 452 
RBC 0.5009928345680237 85 0 164 29 
