WBC 0.8897789120674133 0 368 218 479 
RBC 0.8337699770927429 490 156 605 271 
RBC 0.8328598737716675 427 25 536 119 
RBC 0.816657304763794 168 2 295 94 
RBC 0.8122461438179016 283 54 388 156 
RBC 0.7298386096954346 14 74 114 189 
RBC 0.7270569205284119 83 175 216 276 
RBC 0.7180880904197693 317 263 433 359 
RBC 0.7147578001022339 106 268 230 372 
RBC 0.7011984586715698 138 91 246 182 
RBC 0.6821954250335693 507 302 613 407 
RBC 0.657410204410553 196 372 301 468 
RBC 0.647868812084198 3 283 105 386 
RBC 0.6397122144699097 392 211 500 310 
RBC 0.610738217830658 399 335 502 453 
RBC 0.6000323295593262 258 155 387 262 
RBC 0.5580311417579651 292 421 405 478 
RBC 0.5288262963294983 271 318 377 419 
Platelets 0.5195594429969788 557 264 601 301 
RBC 0.5182961225509644 81 0 171 55 
RBC 0.5160326957702637 577 15 640 110 
RBC 0.5124134421348572 0 3 74 76 
RBC 0.506149172782898 431 312 510 372 
RBC 0.5030773282051086 23 70 109 130 
RBC 0.5023301243782043 346 0 429 45 
RBC 0.5019584894180298 12 121 93 246 
RBC 0.5013206601142883 0 179 58 295 
