WBC 0.9740360379219055 9 298 229 480 
RBC 0.8374518752098083 215 166 323 275 
RBC 0.8252437710762024 454 0 571 97 
RBC 0.7884938716888428 531 163 638 270 
RBC 0.739582896232605 299 33 415 149 
RBC 0.7362219095230103 205 283 314 376 
RBC 0.7201597094535828 468 341 581 436 
RBC 0.7183510065078735 429 101 546 215 
RBC 0.713286280632019 77 0 182 85 
RBC 0.6901530623435974 315 302 414 406 
RBC 0.6862527132034302 0 100 107 196 
RBC 0.6681150197982788 202 68 312 169 
RBC 0.6668989062309265 367 137 474 243 
RBC 0.6501040458679199 131 91 242 197 
RBC 0.6148979663848877 419 232 526 339 
RBC 0.5853767395019531 6 192 116 298 
RBC 0.5853559374809265 1 14 97 110 
RBC 0.581741988658905 395 411 495 474 
RBC 0.5668597221374512 588 282 640 384 
RBC 0.5580712556838989 268 295 378 392 
RBC 0.5465105772018433 269 413 391 479 
RBC 0.5400103330612183 0 134 101 233 
RBC 0.5397036075592041 585 54 640 139 
RBC 0.5291528105735779 31 2 158 111 
RBC 0.5204241871833801 69 91 166 187 
RBC 0.5198379755020142 45 205 165 303 
RBC 0.5197417140007019 237 0 335 52 
RBC 0.5162472724914551 575 413 640 477 
RBC 0.5122401118278503 188 114 292 213 
RBC 0.5098714232444763 0 289 50 377 
RBC 0.5084877610206604 1 39 107 164 
RBC 0.505727231502533 340 266 430 383 
RBC 0.5019702911376953 329 423 448 480 
