WBC 0.9614959359169006 313 95 528 309 
RBC 0.8739773631095886 403 381 521 474 
Platelets 0.8505669832229614 593 133 638 181 
RBC 0.8432099223136902 506 247 626 345 
RBC 0.802383542060852 8 342 121 446 
RBC 0.7919468283653259 123 311 249 418 
Platelets 0.76817786693573 345 400 396 444 
RBC 0.7646359205245972 272 287 377 406 
RBC 0.7493798732757568 12 247 125 342 
RBC 0.7365686297416687 155 142 274 247 
RBC 0.7298910021781921 496 30 600 148 
RBC 0.6996952295303345 2 70 104 171 
RBC 0.681654155254364 241 113 348 220 
RBC 0.6550363898277283 302 2 403 99 
RBC 0.6406704187393188 64 0 165 80 
RBC 0.6347346305847168 0 169 106 264 
RBC 0.6051616668701172 237 409 351 476 
RBC 0.5970495939254761 397 306 494 373 
RBC 0.5470405220985413 403 47 494 103 
RBC 0.5424956679344177 114 45 223 140 
RBC 0.5317644476890564 15 295 123 380 
RBC 0.5311064720153809 199 167 276 238 
RBC 0.5279659032821655 0 110 100 212 
RBC 0.5248636603355408 584 260 634 354 
RBC 0.5217276811599731 385 322 505 403 
RBC 0.5213369131088257 446 37 560 128 
RBC 0.5203779339790344 590 407 640 480 
RBC 0.5164541602134705 576 16 633 125 
RBC 0.5069994330406189 361 28 480 114 
RBC 0.5028238296508789 168 10 301 65 
RBC 0.5024657845497131 63 67 168 163 
RBC 0.5013461709022522 277 290 371 346 
