WBC 0.9426848888397217 319 244 554 457 
RBC 0.7633232474327087 56 305 167 408 
RBC 0.762363076210022 96 83 210 191 
RBC 0.7266917824745178 511 204 621 298 
RBC 0.7192860245704651 147 1 246 92 
RBC 0.7127448916435242 478 98 598 205 
RBC 0.6623818278312683 178 210 293 314 
RBC 0.6603636741638184 165 117 277 220 
RBC 0.6483868956565857 328 35 449 143 
RBC 0.6480759382247925 161 321 266 434 
RBC 0.5869288444519043 1 190 72 300 
RBC 0.5867942571640015 250 234 364 335 
RBC 0.5862420797348022 371 143 487 249 
RBC 0.5834921598434448 192 427 298 480 
Platelets 0.5726198554039001 358 433 399 466 
RBC 0.5414212346076965 327 4 435 104 
RBC 0.5265817046165466 292 337 400 447 
RBC 0.5198543667793274 132 34 237 132 
RBC 0.5175098180770874 0 224 63 342 
RBC 0.5162448287010193 486 440 587 477 
RBC 0.5157759785652161 188 3 286 90 
