WBC 0.9528387188911438 236 124 476 342 
RBC 0.9068832993507385 11 67 131 169 
RBC 0.836718738079071 487 0 603 114 
RBC 0.7757158279418945 101 248 208 352 
RBC 0.7649545073509216 322 43 434 136 
RBC 0.7538507580757141 27 323 135 422 
RBC 0.7468996644020081 170 88 288 193 
RBC 0.7039837837219238 25 167 131 259 
RBC 0.695393979549408 236 342 354 443 
RBC 0.6901760101318359 480 122 595 212 
RBC 0.6862351894378662 363 359 469 458 
RBC 0.6416209936141968 147 157 258 259 
RBC 0.6022218465805054 159 349 275 440 
RBC 0.592987596988678 446 251 560 353 
RBC 0.5853663086891174 561 287 638 388 
RBC 0.5725278854370117 0 433 78 480 
RBC 0.5635268092155457 6 95 149 218 
RBC 0.5576192140579224 69 0 187 68 
RBC 0.549988329410553 584 63 640 150 
RBC 0.5466220378875732 499 201 618 294 
RBC 0.5426005721092224 294 346 407 446 
RBC 0.5329277515411377 91 279 194 385 
RBC 0.5229960083961487 87 423 203 477 
RBC 0.5147813558578491 500 7 599 54 
RBC 0.5125002861022949 102 163 198 263 
RBC 0.5049926042556763 336 14 455 86 
RBC 0.5005465745925903 96 349 206 439 
RBC 0.5005353689193726 577 20 634 131 
