WBC 0.9579882621765137 383 168 610 389 
RBC 0.9098952412605286 357 2 478 96 
RBC 0.8657615780830383 182 270 306 366 
RBC 0.8440155386924744 114 84 220 193 
RBC 0.8073784708976746 289 209 401 309 
RBC 0.8022817969322205 112 354 235 466 
RBC 0.7731912136077881 306 96 420 206 
RBC 0.7570825815200806 317 327 453 445 
RBC 0.7321637868881226 432 93 557 187 
RBC 0.700515627861023 550 105 637 214 
RBC 0.6595394611358643 89 0 199 68 
RBC 0.5423734784126282 552 367 635 469 
RBC 0.5136129856109619 513 385 592 454 
RBC 0.5071806907653809 499 100 608 199 
RBC 0.5035825371742249 369 91 467 190 
