WBC 0.9717941880226135 375 278 609 480 
RBC 0.865976870059967 266 65 385 168 
RBC 0.8125835657119751 449 76 561 179 
RBC 0.8121581077575684 167 290 275 394 
RBC 0.774264395236969 533 156 640 269 
RBC 0.7166103720664978 69 7 183 108 
RBC 0.7058700919151306 272 192 375 297 
RBC 0.6827812790870667 68 113 178 217 
RBC 0.6559109091758728 369 163 473 264 
RBC 0.6167647242546082 272 385 385 476 
RBC 0.612048864364624 83 214 197 306 
RBC 0.5970970988273621 314 287 419 385 
RBC 0.594986617565155 564 62 640 159 
RBC 0.5669565200805664 156 391 265 479 
RBC 0.5652677416801453 152 138 269 247 
RBC 0.5514736771583557 41 401 154 480 
RBC 0.5481181144714355 3 236 82 350 
RBC 0.5401890873908997 497 0 610 56 
RBC 0.5332124829292297 0 362 49 460 
WBC 0.5324734449386597 379 184 632 417 
RBC 0.5236010551452637 0 5 65 91 
RBC 0.5120996832847595 103 394 205 475 
RBC 0.5057191252708435 335 176 442 278 
RBC 0.5033612251281738 198 379 294 467 
RBC 0.5029598474502563 23 10 96 101 
RBC 0.5011680126190186 308 229 400 352 
RBC 0.5000455379486084 228 293 323 392 
