WBC 0.9451525807380676 237 340 457 480 
RBC 0.8324288129806519 441 223 553 331 
RBC 0.814035952091217 522 91 640 204 
RBC 0.8023485541343689 454 5 562 109 
RBC 0.7563162446022034 535 361 636 464 
RBC 0.7505249381065369 429 338 539 430 
RBC 0.7328720688819885 205 161 325 260 
RBC 0.7319429516792297 69 373 180 464 
RBC 0.7183547019958496 301 45 410 145 
RBC 0.7161688804626465 23 24 134 155 
RBC 0.6376985907554626 168 322 269 435 
RBC 0.6174425482749939 428 118 543 222 
RBC 0.6155450344085693 350 144 459 250 
RBC 0.6050577163696289 132 12 233 109 
RBC 0.5988714694976807 65 318 175 417 
RBC 0.5974643230438232 2 151 72 261 
RBC 0.5627908706665039 587 196 640 289 
RBC 0.5559370517730713 70 156 174 263 
RBC 0.5346341729164124 233 254 347 355 
RBC 0.5259532928466797 7 108 87 229 
RBC 0.5226981043815613 586 0 640 59 
RBC 0.5213790535926819 161 1 270 85 
RBC 0.5200635194778442 65 280 177 371 
RBC 0.5179941654205322 394 131 506 232 
RBC 0.5077494382858276 461 106 595 220 
RBC 0.5070092678070068 406 0 533 90 
RBC 0.5069505572319031 95 335 194 449 
RBC 0.50653076171875 69 11 169 123 
RBC 0.5056856274604797 195 87 316 178 
RBC 0.5051281452178955 75 213 185 311 
RBC 0.503872275352478 134 346 225 454 
RBC 0.5027676224708557 282 258 401 359 
RBC 0.5007993578910828 42 143 140 250 
