WBC 0.9142400026321411 233 118 474 349 
Platelets 0.8335926532745361 435 425 490 474 
RBC 0.8161104917526245 479 112 594 226 
RBC 0.8119039535522461 535 286 637 392 
RBC 0.7955285310745239 1 15 131 118 
RBC 0.7951314449310303 470 3 576 102 
RBC 0.7892329692840576 117 142 217 245 
RBC 0.7816711068153381 2 285 97 388 
RBC 0.7545429468154907 340 351 451 465 
RBC 0.7389006614685059 213 322 323 424 
RBC 0.72154700756073 294 23 393 121 
RBC 0.7185053825378418 393 58 498 160 
RBC 0.6920516490936279 431 269 535 379 
RBC 0.6791308522224426 531 397 635 479 
RBC 0.6660107374191284 159 240 268 340 
RBC 0.6401919722557068 100 317 218 417 
RBC 0.6161425709724426 1 172 112 274 
RBC 0.5455721020698547 467 275 577 383 
RBC 0.5451422929763794 112 391 199 449 
RBC 0.5417097806930542 582 169 640 268 
RBC 0.5144058465957642 11 48 142 157 
RBC 0.5128346085548401 210 424 316 476 
RBC 0.5111397504806519 550 353 640 433 
RBC 0.5109452605247498 325 31 435 131 
RBC 0.5070105195045471 110 1 218 75 
RBC 0.5056943297386169 168 319 278 415 
RBC 0.5050532817840576 509 436 608 477 
RBC 0.5002257227897644 216 12 342 62 
