WBC 0.9360561966896057 212 292 449 477 
RBC 0.8417586088180542 11 255 128 360 
RBC 0.8398005962371826 489 2 605 99 
RBC 0.8370652794837952 3 3 111 101 
RBC 0.8357231020927429 418 191 527 292 
RBC 0.8302319645881653 264 104 388 218 
RBC 0.8231714963912964 147 204 257 311 
RBC 0.786792516708374 4 373 109 473 
Platelets 0.7538313269615173 215 6 269 48 
RBC 0.7400913238525391 281 218 408 311 
RBC 0.7396986484527588 125 319 231 414 
Platelets 0.7243378162384033 189 94 240 135 
RBC 0.7230353355407715 75 140 174 237 
RBC 0.7064704895019531 101 21 210 145 
RBC 0.6825639009475708 375 0 480 72 
RBC 0.6600559949874878 487 372 602 467 
RBC 0.6445441842079163 280 32 393 127 
RBC 0.6320496201515198 567 295 638 404 
Platelets 0.6302287578582764 2 338 36 379 
RBC 0.5973922610282898 438 333 549 438 
RBC 0.5676586627960205 49 0 185 120 
RBC 0.5510911345481873 584 74 640 171 
RBC 0.5325321555137634 132 422 225 477 
RBC 0.5198361277580261 444 1 542 91 
RBC 0.5048176646232605 27 143 140 234 
