RBC 0.8937141299247742 353 1 470 99 
WBC 0.8845850229263306 176 162 411 391 
RBC 0.8769463896751404 17 307 138 426 
RBC 0.8338409066200256 502 246 625 356 
RBC 0.8179820775985718 3 105 127 217 
RBC 0.7813851833343506 310 363 430 476 
RBC 0.7551453113555908 350 104 476 199 
RBC 0.7518927454948425 473 153 601 254 
RBC 0.7511923909187317 466 400 570 479 
Platelets 0.7220206260681152 451 333 506 375 
RBC 0.7198500633239746 472 40 572 149 
RBC 0.700462818145752 216 87 327 180 
RBC 0.6560662388801575 367 197 471 302 
RBC 0.6489148736000061 183 402 294 473 
RBC 0.6373975872993469 0 195 93 295 
RBC 0.6351500749588013 562 26 638 147 
RBC 0.5944400429725647 145 312 260 413 
RBC 0.5475053191184998 76 425 180 476 
RBC 0.5232899188995361 93 315 205 413 
RBC 0.5206866264343262 441 24 541 135 
RBC 0.5162429809570312 509 22 602 140 
RBC 0.5075796246528625 287 369 382 467 
RBC 0.5054563879966736 108 0 193 48 
