WBC 0.9292863011360168 45 0 260 109 
RBC 0.8767938017845154 282 373 398 473 
RBC 0.8020751476287842 390 34 505 132 
RBC 0.7996752858161926 183 316 289 427 
RBC 0.7931388020515442 102 128 232 230 
RBC 0.7791344523429871 401 166 540 279 
RBC 0.7516908645629883 51 287 155 391 
RBC 0.7415764927864075 355 275 474 389 
RBC 0.6771674752235413 204 54 314 158 
RBC 0.6002532243728638 145 220 250 327 
WBC 0.5911192893981934 22 38 264 155 
RBC 0.5809326171875 567 16 639 121 
RBC 0.5731792449951172 460 408 555 473 
RBC 0.5487016439437866 2 205 65 326 
RBC 0.5136442184448242 3 253 60 369 
RBC 0.5037209987640381 569 415 640 478 
RBC 0.5012966394424438 0 60 61 170 
