WBC 0.968743622303009 60 295 304 479 
RBC 0.8617069125175476 255 248 373 348 
RBC 0.8341901898384094 429 80 550 195 
RBC 0.8051577806472778 375 262 503 363 
RBC 0.7716823220252991 65 104 168 212 
RBC 0.7570168972015381 506 295 616 410 
RBC 0.7220808267593384 535 4 638 99 
RBC 0.6996560096740723 520 174 621 273 
RBC 0.6746568083763123 6 2 97 85 
RBC 0.6715066432952881 9 232 116 344 
Platelets 0.6485881209373474 410 392 457 430 
RBC 0.6468852758407593 339 127 441 232 
Platelets 0.621674120426178 329 207 376 244 
Platelets 0.6152176856994629 179 171 223 214 
Platelets 0.6103625297546387 89 15 135 54 
RBC 0.5987836122512817 210 126 328 227 
RBC 0.587151288986206 167 70 282 166 
RBC 0.5707349181175232 0 32 77 145 
RBC 0.5676321387290955 433 0 551 75 
RBC 0.535821259021759 587 239 640 324 
RBC 0.5273101925849915 548 393 640 475 
RBC 0.5183618068695068 0 76 65 188 
RBC 0.515044629573822 507 295 598 356 
RBC 0.5092020630836487 577 42 637 111 
RBC 0.5025537014007568 334 246 440 343 
RBC 0.5000155568122864 193 88 304 192 
