WBC 0.959565281867981 135 0 368 151 
RBC 0.8437381386756897 134 246 254 352 
RBC 0.8168267607688904 409 295 519 401 
RBC 0.7883601784706116 138 137 263 245 
RBC 0.7850351929664612 497 208 610 319 
RBC 0.7490907311439514 363 68 478 176 
RBC 0.7450528740882874 274 362 384 465 
RBC 0.7019120454788208 251 180 374 290 
RBC 0.6697189807891846 149 352 270 454 
RBC 0.6412664651870728 558 87 638 186 
RBC 0.5987668633460999 65 349 183 446 
RBC 0.5884693264961243 485 377 582 473 
RBC 0.5757903456687927 328 1 444 72 
RBC 0.5470860600471497 369 414 479 478 
RBC 0.5360223650932312 584 338 640 429 
RBC 0.5295188426971436 251 94 364 191 
RBC 0.5256528854370117 579 367 638 466 
RBC 0.5194377899169922 557 240 634 341 
RBC 0.5175865292549133 538 365 622 469 
RBC 0.5134286880493164 326 376 423 469 
RBC 0.5125113129615784 556 36 636 154 
RBC 0.5123600363731384 302 88 412 184 
RBC 0.5117244720458984 446 389 542 476 
RBC 0.5069615244865417 211 363 310 462 
RBC 0.5059708952903748 407 398 502 476 
RBC 0.5046699047088623 586 135 640 229 
RBC 0.5045962333679199 2 189 89 292 
