WBC 0.9341350793838501 119 77 388 296 
RBC 0.8544569611549377 129 333 272 452 
RBC 0.8527815341949463 504 319 621 430 
RBC 0.8371147513389587 510 78 622 195 
RBC 0.8259749412536621 12 58 127 154 
RBC 0.782777726650238 2 154 119 262 
RBC 0.780821681022644 544 214 637 319 
RBC 0.7744315266609192 397 367 505 477 
RBC 0.7734324336051941 377 124 499 234 
Platelets 0.7521372437477112 4 12 53 56 
RBC 0.7519508004188538 289 19 394 118 
RBC 0.7344157695770264 109 247 236 334 
RBC 0.7252205610275269 263 278 398 380 
RBC 0.6779170632362366 284 369 395 468 
RBC 0.6337151527404785 182 6 299 81 
RBC 0.5950690507888794 410 1 520 72 
RBC 0.5373494625091553 344 366 439 470 
RBC 0.5147073268890381 92 0 180 51 
RBC 0.503081202507019 224 36 364 154 
RBC 0.500206470489502 271 3 366 94 
RBC 0.5000278353691101 195 347 290 461 
