WBC 0.9836031198501587 308 319 557 475 
RBC 0.8697214722633362 114 118 235 221 
RBC 0.7540916800498962 283 55 395 157 
RBC 0.7454972863197327 1 166 100 270 
RBC 0.7434489130973816 47 283 151 396 
RBC 0.7403668761253357 3 16 112 123 
RBC 0.7244651317596436 216 299 323 397 
RBC 0.690525472164154 219 386 321 480 
RBC 0.6772822141647339 306 176 421 268 
RBC 0.6577627062797546 551 336 639 446 
RBC 0.6456872224807739 455 235 563 330 
RBC 0.6276867389678955 463 1 573 72 
RBC 0.6119887828826904 99 0 198 90 
Platelets 0.601672887802124 1 274 33 315 
RBC 0.5959326028823853 380 141 486 246 
RBC 0.5903878211975098 392 44 505 145 
RBC 0.581665575504303 202 0 304 77 
Platelets 0.5692185759544373 389 249 435 287 
RBC 0.5643319487571716 565 158 639 269 
RBC 0.5585206151008606 57 84 145 140 
RBC 0.5545958876609802 67 407 202 478 
RBC 0.5503337979316711 216 335 318 445 
RBC 0.5303522944450378 536 264 638 365 
RBC 0.529992401599884 56 3 166 101 
RBC 0.5283080339431763 75 109 184 207 
RBC 0.5219094157218933 258 7 375 69 
RBC 0.5215851664543152 174 9 265 95 
RBC 0.5091532468795776 132 3 238 83 
RBC 0.5046471953392029 40 82 150 184 
RBC 0.5036001205444336 227 48 362 157 
RBC 0.5034536123275757 132 397 229 474 
RBC 0.5029689073562622 316 1 395 58 
RBC 0.5000196099281311 424 349 587 464 
