WBC 0.8778824210166931 196 84 432 312 
RBC 0.8607214093208313 126 13 243 119 
RBC 0.8329151272773743 6 187 124 280 
RBC 0.8249739408493042 396 297 519 419 
RBC 0.746953547000885 109 124 223 227 
RBC 0.7449789047241211 274 397 377 480 
RBC 0.727419912815094 250 7 375 102 
RBC 0.7173318266868591 370 19 481 134 
RBC 0.6804578900337219 136 247 275 360 
RBC 0.6630226969718933 2 369 86 472 
RBC 0.564850926399231 508 11 627 110 
RBC 0.5336909890174866 3 279 58 364 
RBC 0.519635021686554 339 12 439 120 
RBC 0.5170323848724365 110 434 217 475 
RBC 0.5132519006729126 207 9 297 109 
RBC 0.5106770396232605 334 286 451 389 
