WBC 0.9508705139160156 206 0 435 162 
RBC 0.8577492237091064 531 268 630 374 
RBC 0.8121690154075623 80 243 187 342 
RBC 0.8035019636154175 424 298 536 398 
RBC 0.7895812392234802 7 107 105 200 
RBC 0.7524793744087219 103 119 216 226 
Platelets 0.7476239800453186 370 420 423 462 
RBC 0.7457807064056396 42 378 146 470 
RBC 0.7009472846984863 530 26 636 124 
RBC 0.6930593848228455 255 292 364 397 
RBC 0.6907493472099304 172 295 278 395 
RBC 0.6875144839286804 330 193 437 302 
RBC 0.6064946055412292 455 77 566 174 
RBC 0.5934159755706787 36 16 168 114 
Platelets 0.5909046530723572 54 1 101 29 
RBC 0.5786676406860352 513 370 624 463 
RBC 0.5568859577178955 1 355 59 439 
RBC 0.5544338226318359 225 167 341 280 
RBC 0.5423961877822876 425 398 539 480 
RBC 0.5404794216156006 129 0 213 41 
RBC 0.5327566862106323 67 112 177 216 
RBC 0.520616352558136 542 147 636 246 
RBC 0.5114368200302124 3 367 97 455 
RBC 0.5108831524848938 440 333 551 429 
RBC 0.5008329153060913 472 376 577 470 
RBC 0.5004570484161377 275 175 367 291 
