WBC 0.9715585112571716 114 9 355 235 
RBC 0.8748942017555237 469 360 590 458 
RBC 0.8303317427635193 215 219 338 317 
RBC 0.820659339427948 368 1 485 102 
RBC 0.7745334506034851 386 101 509 206 
RBC 0.7398102879524231 221 323 328 427 
RBC 0.7371797561645508 69 392 172 478 
RBC 0.710227370262146 360 202 469 306 
RBC 0.6821026802062988 43 6 147 110 
RBC 0.6767469048500061 129 284 230 384 
RBC 0.6376653909683228 308 286 416 394 
RBC 0.6360924243927002 1 315 91 418 
RBC 0.6145001649856567 0 109 75 226 
RBC 0.5987342596054077 476 161 595 278 
RBC 0.5859806537628174 76 192 181 297 
RBC 0.5580639243125916 587 210 640 300 
RBC 0.5233028531074524 206 291 301 405 
RBC 0.5204178690910339 0 343 63 459 
RBC 0.5170385241508484 0 151 66 265 
RBC 0.5159996747970581 485 0 607 67 
RBC 0.5151163339614868 302 246 399 347 
RBC 0.5079976916313171 0 58 62 180 
RBC 0.5057422518730164 0 4 114 98 
RBC 0.5055645108222961 235 258 348 357 
RBC 0.5031682848930359 266 414 394 469 
RBC 0.5024047493934631 137 238 225 355 
