WBC 0.975172221660614 1 4 219 212 
RBC 0.8547996282577515 192 365 299 471 
RBC 0.8269680738449097 95 209 210 320 
RBC 0.8102650046348572 408 367 519 474 
RBC 0.7491641044616699 551 189 639 304 
RBC 0.7404296398162842 317 86 418 187 
Platelets 0.6296660304069519 437 120 492 163 
RBC 0.6068695783615112 187 0 285 63 
RBC 0.5923110246658325 351 7 462 107 
RBC 0.5808292031288147 1 310 83 406 
Platelets 0.5772382616996765 210 114 254 152 
Platelets 0.5765401124954224 286 128 330 164 
RBC 0.5421356558799744 568 403 640 480 
RBC 0.5234555006027222 0 262 85 374 
RBC 0.5126308798789978 4 215 98 318 
RBC 0.5014222264289856 222 45 355 156 
