WBC 0.9526456594467163 116 80 362 305 
RBC 0.8897128701210022 392 290 508 396 
RBC 0.8575940728187561 512 371 625 475 
RBC 0.8482440114021301 278 7 397 111 
RBC 0.8305691480636597 0 312 104 420 
RBC 0.7921257615089417 11 5 111 98 
RBC 0.7684912085533142 383 63 491 167 
RBC 0.7517357468605042 369 174 478 286 
RBC 0.7459054589271545 83 263 187 367 
RBC 0.7199441194534302 21 95 127 201 
RBC 0.691016674041748 169 342 275 437 
Platelets 0.6792998909950256 471 202 540 265 
RBC 0.6605929732322693 110 6 232 80 
Platelets 0.6570637822151184 468 46 518 85 
RBC 0.6412134766578674 277 305 384 408 
RBC 0.6190023422241211 551 239 639 340 
RBC 0.6099351048469543 238 411 332 469 
RBC 0.5467024445533752 90 410 207 478 
RBC 0.5259573459625244 0 176 53 267 
RBC 0.5204049944877625 341 296 450 396 
RBC 0.5146422386169434 0 312 92 366 
RBC 0.5120424032211304 240 314 347 412 
RBC 0.5117824077606201 55 2 184 82 
RBC 0.5083290934562683 529 27 640 131 
