WBC 0.9627566933631897 164 27 402 252 
RBC 0.8348444700241089 138 375 249 472 
RBC 0.8329889178276062 35 271 143 373 
RBC 0.8079056739807129 416 132 519 241 
RBC 0.8034736514091492 435 242 552 352 
RBC 0.8022595643997192 429 18 536 122 
RBC 0.7439631223678589 556 322 638 425 
RBC 0.7334741950035095 128 217 228 322 
Platelets 0.7325432896614075 518 162 586 220 
RBC 0.7311103343963623 323 260 426 364 
RBC 0.7253230810165405 282 370 385 473 
RBC 0.7151986360549927 71 48 175 150 
RBC 0.6993075609207153 421 387 534 480 
RBC 0.6974937319755554 0 111 96 225 
Platelets 0.6369829177856445 511 4 555 37 
RBC 0.633122444152832 217 298 320 397 
RBC 0.5900640487670898 0 342 73 445 
RBC 0.5862299203872681 317 4 433 71 
RBC 0.5802185535430908 471 420 556 473 
RBC 0.5735422968864441 354 315 438 378 
RBC 0.5473731160163879 200 371 290 466 
RBC 0.5253306031227112 535 24 640 131 
RBC 0.5240751504898071 588 198 640 275 
RBC 0.5206126570701599 207 336 301 439 
RBC 0.519226610660553 42 6 157 70 
RBC 0.51554274559021 300 316 401 418 
RBC 0.5149327516555786 365 260 465 368 
RBC 0.5135867595672607 327 369 416 467 
RBC 0.5102956891059875 256 323 359 421 
RBC 0.5045485496520996 409 2 505 97 
