WBC 0.942217230796814 216 234 526 475 
RBC 0.9098016023635864 527 210 626 321 
RBC 0.8897754549980164 391 87 504 206 
Platelets 0.8086915612220764 185 212 237 252 
RBC 0.7963483929634094 312 0 423 77 
Platelets 0.7765770554542542 19 227 71 268 
RBC 0.766732394695282 0 344 100 450 
RBC 0.7471117377281189 1 47 99 168 
RBC 0.7432405352592468 66 264 174 353 
RBC 0.6856616735458374 80 75 196 187 
RBC 0.6663620471954346 53 159 168 258 
Platelets 0.5914772152900696 31 0 81 26 
RBC 0.5344915986061096 133 430 235 479 
RBC 0.533543050289154 24 60 149 181 
