WBC 0.9586822986602783 73 133 358 368 
RBC 0.8971877694129944 414 54 537 171 
RBC 0.8869528770446777 396 190 532 286 
RBC 0.7416372299194336 544 66 638 174 
RBC 0.7167572975158691 1 366 95 463 
RBC 0.7000380754470825 2 130 104 238 
RBC 0.68426913022995 183 351 289 444 
RBC 0.6163454055786133 76 75 182 165 
RBC 0.6033791899681091 438 286 549 387 
RBC 0.5922378897666931 328 293 434 396 
RBC 0.5769904255867004 170 66 291 159 
RBC 0.5765087604522705 276 46 387 147 
RBC 0.575727641582489 399 350 516 441 
RBC 0.5676844120025635 189 1 304 68 
Platelets 0.5626578330993652 29 288 73 325 
RBC 0.5423992872238159 583 166 640 272 
RBC 0.5240141153335571 0 14 65 114 
RBC 0.5210077166557312 309 4 425 70 
RBC 0.5199035406112671 128 73 242 160 
RBC 0.5110560059547424 184 67 277 120 
RBC 0.508229672908783 227 61 346 157 
RBC 0.5024274587631226 193 24 308 105 
RBC 0.5021569728851318 465 432 607 480 
