WBC 0.9442223310470581 61 160 296 363 
RBC 0.8637761473655701 452 193 583 298 
RBC 0.8204178214073181 211 340 325 441 
Platelets 0.8009467124938965 560 3 614 41 
Platelets 0.794336199760437 370 258 423 310 
RBC 0.7797961831092834 1 11 91 119 
RBC 0.7719674706459045 7 271 111 367 
RBC 0.7456777095794678 347 158 468 262 
RBC 0.7083465456962585 9 375 109 466 
RBC 0.702734649181366 495 356 614 463 
RBC 0.5914648175239563 211 3 324 101 
RBC 0.586357057094574 293 284 395 392 
RBC 0.5822484493255615 117 3 233 75 
RBC 0.5815895199775696 478 3 582 107 
RBC 0.5668877363204956 234 87 350 184 
RBC 0.5638123154640198 557 125 640 188 
RBC 0.5597216486930847 56 374 168 468 
RBC 0.5441969633102417 320 117 434 212 
RBC 0.5411199927330017 407 416 493 473 
Platelets 0.5377792119979858 371 279 421 325 
RBC 0.5278706550598145 526 93 634 187 
RBC 0.5153478980064392 31 172 105 229 
RBC 0.5152314305305481 12 324 115 405 
RBC 0.5135577917098999 0 134 60 211 
RBC 0.5105614066123962 3 159 92 268 
RBC 0.5057188868522644 117 368 234 466 
