WBC 0.9739595055580139 444 264 639 463 
RBC 0.8902814984321594 11 39 114 144 
RBC 0.7902200818061829 5 161 112 274 
RBC 0.7393357753753662 166 377 269 473 
RBC 0.7177512645721436 509 151 620 244 
RBC 0.7065263986587524 340 378 441 474 
RBC 0.6929258704185486 89 324 188 422 
RBC 0.6694851517677307 329 148 446 247 
RBC 0.6683580875396729 455 21 556 120 
RBC 0.6530556082725525 222 48 334 145 
RBC 0.6454222798347473 541 38 638 153 
RBC 0.6436418294906616 110 179 225 282 
RBC 0.5900262594223022 336 32 450 142 
RBC 0.588717520236969 267 135 379 235 
RBC 0.5792734622955322 4 353 100 451 
RBC 0.5752653479576111 334 254 442 367 
RBC 0.5734397172927856 426 203 531 299 
RBC 0.5438485741615295 189 267 300 370 
RBC 0.5362456440925598 14 397 126 476 
Platelets 0.5350133776664734 300 242 349 282 
RBC 0.5221515893936157 419 432 521 480 
RBC 0.5215630531311035 506 36 606 141 
RBC 0.5135831832885742 9 92 129 237 
RBC 0.5133247971534729 58 170 170 276 
RBC 0.5119251608848572 68 349 161 456 
RBC 0.5117087960243225 109 349 196 453 
RBC 0.5109715461730957 190 0 307 69 
RBC 0.51070636510849 263 39 368 141 
RBC 0.5093767642974854 245 311 352 408 
RBC 0.5027140378952026 237 0 310 49 
RBC 0.5014086961746216 372 14 468 120 
RBC 0.5009633898735046 415 12 512 118 
