WBC 0.8785840272903442 147 292 371 475 
RBC 0.8021175861358643 495 46 616 167 
RBC 0.7820608615875244 75 314 177 420 
RBC 0.7522395253181458 35 205 154 301 
RBC 0.7232626676559448 544 363 638 470 
RBC 0.7076888680458069 2 387 93 480 
RBC 0.704804003238678 338 247 442 353 
RBC 0.6899523138999939 347 80 458 197 
RBC 0.6767082214355469 553 142 638 245 
RBC 0.6709847450256348 207 113 337 233 
RBC 0.6290728449821472 166 219 268 315 
RBC 0.6006054878234863 348 379 446 475 
RBC 0.5234822034835815 87 212 200 308 
RBC 0.5182773470878601 0 40 102 151 
RBC 0.5114014744758606 68 344 158 454 
RBC 0.5010354518890381 0 341 65 456 
